49 8
49 16
49 16
49 8
49 16
49 16
49 8
49 16
49 16
49 8
49 16
49 16
49 8
49 16
49 16
49 8
49 16
49 16
49 8
49 16
49 16
49 8
49 16
49 16
45 8
45 16
45 16
45 8
45 16
45 16
45 8
45 16
45 16
45 8
45 16
45 16
45 8
45 16
45 16
45 8
45 16
45 16
45 8
45 16
45 16
45 8
45 16
45 16
47 8
47 16
47 16
47 8
47 16
47 16
47 8
47 16
47 16
47 8
47 16
47 16
47 8
47 16
47 16
47 8
47 16
47 16
47 8
47 16
47 16
47 8
47 16
47 16
49 8
49 16
49 16
49 8
49 16
49 16
49 8
49 16
49 16
49 8
49 16
49 16
49 8
49 16
49 16
49 8
49 16
49 16
49 8
49 16
49 16
49 8
49 16
49 16
